995,69102,13,99208960,001D8B
966,69102,13,96214846,001D8B
965,69102,13,96214846,001D8B
964,67902,13,95026672,001D8B
964,69102,13,96214846,001D8B
963,67902,13,95026672,001D8B
962,67902,13,95027335,001D8B
961,69102,13,96017051,001D8B
960,69102,13,96017051,001D8B
959,69102,13,94828422,001D8B
959,67902,13,94828422,001D8B
958,67902,13,94829072,001D8B
957,67902,13,94831022,001D8B
956,67902,13,94831022,001D8B
955,67902,13,94828422,001D8B
954,67902,13,94831022,001D8B
954,67902,13,94828422,001D8B
953,67902,13,94829137,001D8B
952,67902,13,94829137,001D8B
951,67902,13,94829137,001D8B
950,67902,13,94831022,001D8B
950,67902,13,94830515,001D8B
949,67902,13,94830515,001D8B
948,67902,13,94830515,001D8B
946,67901,13,92873664,001D8B
945,67901,13,92873664,001D8B
944,67901,13,92873664,001D8B
943,67901,13,92873664,001D8B
938,69101,13,91472696,001D8B
936,69101,13,92723407,001D8B
935,69101,13,92727307,001D8B
934,67901,13,92016972,001D8B
933,69101,13,92016972,001D8B
933,67901,13,92016972,001D8B
932,69101,13,93062432,001D8B
932,67901,13,92016972,001D8B
931,69101,13,92398366,001D8B
930,69101,13,92437366,001D8B
928,69101,13,92294366,001D8B
928,69101,13,92303856,001D8B
927,69101,13,92303856,001D8B
925,69101,13,92086899,001D8B
923,69101,13,92017687,001D8B
922,67901,13,91105594,001D8B
866,67901,13,85548341,001D8B
865,67901,13,85548341,001D8B
864,67901,13,85548341,001D8B
863,67901,13,85548341,001D8B
862,67901,13,85548341,001D8B
861,67901,13,85535341,001D8B
860,67901,13,85535341,001D8B
859,67901,13,85535341,001D8B
858,67901,13,85518805,001D8B
857,67901,13,85518805,001D8B
857,69101,13,85507196,001D8B
820,67901,13,82777468,001CA2
821,67901,13,82777468,001CA2
822,67901,13,82777468,001CA2
823,67901,13,82777468,001CA2
824,67901,13,82777468,001CA2
825,67901,13,82777468,001CA2
826,67901,13,82777468,001CA2
827,67901,13,82777468,001CA2
828,67901,13,82777468,001CA2
829,67901,13,82777468,001CA2
653,67904,8,62415297,002553
652,67904,8,62415297,002553
651,67904,8,62415297,002553
650,67904,8,62415297,002553
650,67904,8,62415249,002553
649,67904,8,62415249,002553
648,67904,8,62415249,002553
649,67904,8,62415297,002553
648,67904,8,62415297,002553
647,67904,8,62415297,002553
646,67904,8,62415297,002553
645,67904,8,62415297,002553
644,67904,8,62415297,002553
643,67904,8,62415297,002553
642,69104,8,63703777,002553
641,69104,8,63703777,002553
641,67904,8,62254897,002553
640,67904,8,62254897,002553
639,67904,8,62256497,002553
639,67904,8,62254897,002553
638,67904,8,62254897,002553
637,67904,8,62246897,002553
637,67904,8,62242897,002553
636,67904,8,62360145,002553
636,67904,8,62246897,002553
635,67904,8,62230897,002553
634,67904,8,62239057,002553
634,67904,8,62238897,002553
633,69104,8,62903297,002553
633,67904,8,62239057,002553
633,69104,8,62903297,002553
632,67904,8,62194697,002553
631,67904,8,62219249,002553
631,67904,8,62193097,002553
631,67904,8,62194697,002553
630,67904,8,62220849,002553
629,67904,8,62304689,002553
629,67904,8,62220849,002553
628,67904,8,62174513,002553
628,67904,8,62307377,002553
627,69104,8,62345169,002553
627,67904,8,61855721,002553
627,67904,8,62174801,002553
626,67904,8,62345169,002553
626,69104,8,62345169,002553
625,69104,8,62345169,002553
624,69104,8,62345153,002553
623,67904,8,61884537,002553
622,67904,8,61884537,002553
588,69102,13,56695373,002233
587,69102,13,56695945,002233
586,69102,13,56695945,002233
585,67902,13,55485918,002233
584,67902,13,55485918,002233
583,67902,13,55485918,002233
582,67902,13,55485918,002233
581,69102,13,56332816,002233
580,69102,13,56332816,002233
579,67902,13,55509708,002233
579,69102,13,56332816,002233
578,67902,13,55119942,002233
577,67902,13,55119942,002233
576,67902,13,55119942,002233
575,67902,13,56646506,002233
574,69102,13,55844913,002233
574,69102,13,55844900,002233
573,69102,13,55844913,002233
572,69102,13,55844900,002233
571,69102,13,55844900,002233
571,67902,13,54791692,002233
570,67902,13,54791692,002233
569,67902,13,54809242,002233
569,67902,13,54805992,002233
568,67902,13,54805992,002233
568,67902,13,54809242,002233
567,67902,13,54809242,002233
567,67902,13,54808800,002233
566,67902,13,54808800,002233
565,67902,13,54808800,002233
564,67902,13,54808800,002233
563,67902,13,54808800,002233
562,67902,13,54808800,002233
561,67902,13,54808800,002233
561,69102,13,55052472,002233
560,67902,13,54809242,002233
560,69102,13,54778588,002233
559,69102,13,54778588,002233
558,69102,13,54811868,002233
557,69102,13,54811868,002233
556,69102,13,54811868,002233
555,69102,13,54811868,002233
555,67904,8,55164449,002553
555,67904,8,55164145,002553
554,69102,13,54811868,002233
554,67904,8,55164449,002553
554,67904,8,55164450,002553
553,69102,13,54811868,002233
553,67904,8,55164449,002553
552,69102,13,54730124,002233
552,69102,13,54730124,002553
552,67904,8,55164449,002553
551,67904,8,55164449,002553
551,67903,8,52420697,002553
550,67903,8,52420697,002553
550,67903,8,52420689,002553
549,67903,8,52420673,002553
549,67903,8,52420689,002553
548,67903,8,52420689,002553
548,67903,8,52420673,002553
547,67903,8,52420689,002553
546,67903,8,52420689,002553
545,67903,8,52420689,002553
544,67903,8,52420689,002553
543,67903,8,52420689,002553
542,67903,8,52420673,002553
542,67903,8,52420689,002553
541,67903,8,52420689,002553
540,67903,8,52420689,002553
539,67903,8,52420689,002553
539,67903,8,52420681,002553
538,67903,8,52420681,002553
537,67903,8,52420681,002553
536,67903,8,52420681,002553
536,67903,8,52420689,002553
535,67903,8,52420689,002553
535,67903,8,52420681,002553
534,67903,8,52420681,002553
533,67903,8,52420689,002553
533,67903,8,52420689,002233
533,67903,8,52420681,002553
532,67903,8,52420681,002553
532,69103,8,52845953,002553
531,69103,8,52845953,002553
530,69103,8,52845601,002553
530,67903,8,52196329,002553
529,67903,8,52196329,002553
528,67903,8,52196329,002553
527,67903,8,52196329,002553
526,67903,8,52196329,002553
526,69103,8,52418353,002553
525,69103,8,52418353,002553
524,69103,8,52418353,002553
490,69101,13,48968681,001CA2
487,67901,13,48559740,001CA2
487,67901,13,48559740,00238E
486,67901,13,48493740,001CA2
486,67901,13,47718732,001CA2
485,67901,13,48493740,001CA2
483,67903,8,47896103,00238E
482,67903,8,47896103,00238E
481,67903,8,47896103,00238E
480,67903,8,47896103,00238E
479,67903,8,47896103,00238E
479,67903,8,47955247,00238E
478,69102,13,43892099,00238E
477,69102,13,43892099,00238E
476,69102,13,43892021,00238E
476,69102,13,43892099,00238E
475,69102,13,43892021,00238E
474,69102,13,43892021,00238E
474,69102,13,43892099,00238E
472,67902,13,39177168,00238E
471,67902,13,39177168,00238E
471,67902,13,39184782,00238E
470,67902,13,38678445,00238E
470,67902,13,39184782,00238E
469,67902,13,38678445,00238E
468,67902,13,39014716,00238E
468,67902,13,38678445,00238E
467,67902,13,39015223,00238E
466,67902,13,39015145,00238E
465,67902,13,39015145,00238E
465,67902,13,39015065,00238E
464,67902,13,39014716,00238E
463,67902,13,39014716,00238E
463,67902,13,39015145,00238E
462,67902,13,39011245,00238E
461,67902,13,39014716,00238E
461,67902,13,39015145,00238E
460,67902,13,39015145,00238E
460,67902,13,39010595,00238E
459,67902,13,39010595,00238E
459,67902,13,39004095,00238E
459,67902,13,39015145,00238E
458,67902,13,39010595,00238E
457,67902,13,39010595,00238E
456,67902,13,39010595,00238E
455,67902,13,39010595,00238E
454,67902,13,39010335,00238E
453,67902,13,39010335,00238E
451,67902,13,39010335,00238E
450,67902,13,39010335,00238E
450,69102,13,41631044,00238E
449,69102,13,41631044,00238E
449,67902,13,38883455,00238E
448,67902,13,38883455,00238E
447,67902,13,38883455,00238E
447,69102,13,41422004,00238E
446,67902,13,38766715,00238E
446,67902,13,38767105,00238E
445,67902,13,39010335,00238E
445,67902,13,38767105,00238E
444,67902,13,38767105,00238E
443,67901,13,43008155,00238E
443,67902,13,38767105,00238E
430,67901,13,43008155,00238E
430,67901,13,43008155,001CA2
440,67902,13,44156697,00238E
441,67902,13,44156697,00238E
442,67902,13,44156697,00238E
443,67902,13,44156697,00238E
444,67902,13,44156697,00238E
445,67902,13,44156697,00238E
446,67902,13,44156697,00238E
447,67902,13,44156697,00238E
448,67902,13,44156697,00238E
449,67902,13,44156697,00238E
427,69101,13,42667449,001CA2
423,69101,13,42309436,001CA2
391,67902,13,33775765,00238E
390,67902,13,33775765,00238E
390,69102,13,35639029,00238E
389,67902,13,33775765,00238E
388,67902,13,33775765,00238E
387,69102,13,35639029,00238E
386,69102,13,35639029,00238E
385,69102,13,35639029,00238E
385,67902,13,33042526,00238E
384,67902,13,33042526,00238E
384,69102,13,35639029,00238E
383,69102,13,35639029,00238E
382,69102,13,35639029,00238E
382,67902,13,33175048,00238E
381,67902,13,33175048,00238E
380,67902,13,33172097,00238E
379,67902,13,33175048,00238E
379,67902,13,33175058,00238E
378,67902,13,33175048,00238E
377,67902,13,33175058,00238E
377,67902,13,33175048,00238E
376,67902,13,33175048,00238E
375,67902,13,33175058,00238E
375,67902,13,33175048,00238E
374,67902,13,34856728,00238E
373,67902,13,34856728,00238E
373,69102,13,34856728,00238E
372,69102,13,34855688,00238E
372,69102,13,34856728,00238E
371,69102,13,34856728,00238E
370,69102,13,34855688,00238E
369,67902,13,32716668,00238E
369,67902,13,32719840,00238E
368,67902,13,32719840,00238E
367,67902,13,32720035,00238E
366,67902,13,32720035,00238E
365,67902,13,32720035,00238E
364,67902,13,32720035,00238E
363,67902,13,32720035,00238E
362,67902,13,32720035,00238E
361,67902,13,32720035,00238E
360,67902,13,32720035,00238E
360,67902,13,32719866,00238E
359,67902,13,32719866,00238E
328,67904,8,28944113,38229D
321,67904,8,28730779,38229D
320,69104,8,30891307,38229D
315,67904,8,28369051,38229D
314,67904,8,28369051,38229D
312,67904,8,28190287,38229D
312,69104,8,30599079,38229D
312,69104,8,30655015,38229D
181,67902,13,17728255,00268D
181,67902,13,14496838,00268D
181,67902,13,13921842,00268D
181,67902,13,14825009,00268D
181,67901,13,16874837,00268D
181,67902,13,17122778,00268D
181,69102,13,16313301,00268D
181,67904,8,17574389,00268D
181,67904,8,18042064,00268D
181,69102,13,17315130,00268D
181,67902,13,15578953,00268D